241768539 573924186 896531742 734295618 189476325 652813497 465382971 327159864 918647253
329654178 745183692 168972534 257846319 634219785 981537246 573468921 896721453 412395867
178243596 529671438 346859712 432718659 967325841 851496273 285934167 713562984 694187325
893745216 145862397 672319584 769254138 428931765 531678429 214596873 987423651 356187942
719623548 652418973 438957126 925861734 841732695 367549281 183275469 296184357 574396812
765942831 234178956 198536724 476381295 859264317 312795648 947653182 523817469 681429573
743682951 965173482 812954736 357896124 628431579 491725863 239518647 574269318 186347295
461728935 923145687 785396124 178964352 249513876 356287491 892471563 634852719 517639248
437285619 182469753 965371428 691827534 723954186 548136297 216798345 854613972 379542861
182965347 597423186 436718952 613274598 925831674 748596213 254389761 871652439 369147825
